              precision    recall  f1-score   support

           0       1.00      0.44      0.61        16
           1       0.75      0.78      0.77        23
           2       0.94      0.94      0.94        17
           3       0.77      0.45      0.57        22
           4       0.29      0.33      0.31        15
           5       0.39      0.56      0.46        16
           6       0.48      0.62      0.54        21
           7       0.76      0.59      0.67        22
           8       0.35      0.56      0.43        16
           9       0.37      0.33      0.35        21
          10       0.76      0.89      0.82        18
          11       0.62      0.87      0.73        23
          12       0.88      0.47      0.61        15
          13       0.56      0.71      0.63        21
          14       0.57      0.71      0.63        17
          15       0.75      0.53      0.62        17
          16       0.32      0.50      0.39        14
          17       0.61      0.61      0.61        18
          18       0.61      0.73      0.67        15
          19       0.64      0.53      0.58        17
          20       0.69      0.65      0.67        17
          21       0.67      0.27      0.38        15
          22       0.60      0.69      0.64        13
          23       0.17      0.08      0.11        13
          24       0.69      0.73      0.71        15
          25       0.65      0.73      0.69        15
          26       0.45      0.67      0.54        21
          27       0.86      0.40      0.55        15
          28       0.55      0.35      0.43        17
          29       0.20      0.21      0.21        14
          30       0.75      0.63      0.69        19
          31       0.73      0.69      0.71        16
          32       0.50      0.33      0.40        15
          33       0.54      0.41      0.47        17
          34       0.59      0.71      0.65        14
          35       0.60      0.83      0.70        18
          36       0.85      0.73      0.79        15
          37       0.53      0.50      0.52        16
          38       0.53      0.60      0.56        15
          39       0.64      0.82      0.72        17
          40       0.55      0.35      0.43        17
          41       0.69      0.73      0.71        15
          42       0.80      0.35      0.48        23
          43       0.20      0.08      0.11        13
          44       0.67      0.57      0.62        14
          45       0.69      0.64      0.67        14
          46       0.55      0.86      0.67        14
          47       0.62      0.67      0.65        15
          48       0.33      0.07      0.12        14
          49       0.50      0.46      0.48        13
          50       1.00      0.56      0.72        16
          51       0.36      0.53      0.43        15
          52       0.44      0.50      0.47        22
          53       0.45      0.31      0.37        16
          54       0.80      0.75      0.77        16
          55       0.88      0.39      0.54        18
          56       0.00      0.00      0.00        18
          57       1.00      0.44      0.61        16
          58       0.91      0.62      0.74        16
          59       0.33      0.65      0.44        20
          60       0.86      0.33      0.48        18
          61       0.78      0.67      0.72        21
          62       0.68      0.81      0.74        16
          63       1.00      0.29      0.45        17
          64       0.92      0.69      0.79        16
          65       0.79      0.85      0.81        13
          66       1.00      0.50      0.67        14
          67       0.34      0.59      0.43        17
          68       0.38      0.45      0.41        20
          69       0.83      0.71      0.77        21
          70       0.25      0.06      0.09        18
          71       0.47      0.56      0.51        16
          72       0.62      0.53      0.57        15
          73       0.39      0.54      0.46        24
          74       0.78      0.88      0.82        16
          75       0.59      0.76      0.67        21
          76       0.40      0.25      0.31        16
          77       1.00      0.12      0.22        16
          78       0.38      0.50      0.43        18
          79       0.40      0.47      0.43        17
          80       0.79      0.58      0.67        19
          81       0.43      0.62      0.51        16
          82       0.58      0.82      0.68        17
          83       0.69      0.64      0.67        14
          84       0.58      0.79      0.67        19
          85       0.57      0.53      0.55        15
          86       0.67      0.84      0.74        19
          87       0.44      0.95      0.60        22
          88       0.83      0.53      0.65        19
          89       0.33      0.21      0.26        14
          90       0.67      0.44      0.53        18
          91       0.85      0.73      0.79        15
          92       0.71      0.88      0.79        17
          93       0.55      0.55      0.55        20
          94       0.52      0.77      0.62        22
          95       0.74      0.82      0.78        17
          96       0.67      0.50      0.57        16
          97       0.69      0.72      0.71        25
          98       0.78      0.39      0.52        18
          99       0.44      0.47      0.45        15
         100       0.44      0.48      0.46        23
         101       0.38      0.68      0.49        19
         102       0.83      0.28      0.42        18
         103       0.35      0.50      0.41        14
         104       0.21      0.25      0.23        16
         105       0.29      0.62      0.40        16
         106       0.22      0.36      0.27        14
         107       0.64      1.00      0.78        16
         108       0.56      0.64      0.60        14
         109       0.42      0.73      0.53        22
         110       0.48      0.81      0.60        16
         111       0.71      0.75      0.73        16
         112       0.67      0.71      0.69        14
         113       0.33      0.21      0.26        14
         114       0.62      0.88      0.73        17
         115       0.86      0.38      0.52        16
         116       0.91      0.62      0.74        16
         117       0.57      0.42      0.48        19
         118       1.00      0.44      0.61        16
         119       0.40      0.25      0.31        16

    accuracy                           0.57      2045
   macro avg       0.60      0.56      0.55      2045
weighted avg       0.60      0.57      0.56      2045
